#    s        x        y     Ue/Vinf    Dstar     Theta      Cf       H
   0.00000  1.00000  0.00105  0.96520  0.002406  0.001318  0.001806     1.825
   0.00582  0.99426  0.00197  0.98225  0.002193  0.001228  0.002033     1.786
   0.01655  0.98366  0.00366  0.98739  0.002220  0.001193  0.001823     1.861
   0.02951  0.97086  0.00567  0.98576  0.002432  0.001190  0.001336     2.044
   0.04393  0.95660  0.00787  1.19668  0.000779  0.000563  0.007154     1.383
   0.05906  0.94165  0.01015  1.12724  0.000986  0.000654  0.005015     1.507
   0.07446  0.92641  0.01242  1.10736  0.001099  0.000669  0.003858     1.643
   0.08996  0.91107  0.01466  1.10162  0.001227  0.000661  0.002698     1.855
   0.10551  0.89569  0.01688  1.07131  0.002154  0.000738  0.000373     2.918
   0.12106  0.88028  0.01905  1.08931  0.002253  0.000676  0.000163     3.332
   0.13663  0.86487  0.02119  1.09159  0.002227  0.000668  0.000163     3.337
   0.15220  0.84944  0.02329  1.09421  0.002174  0.000658  0.000181     3.304
   0.16777  0.83401  0.02535  1.09688  0.002122  0.000648  0.000200     3.273
   0.18334  0.81857  0.02738  1.10103  0.001969  0.000634  0.000301     3.105
   0.19891  0.80312  0.02936  1.10447  0.001879  0.000622  0.000365     3.020
   0.21448  0.78767  0.03131  1.10760  0.001808  0.000611  0.000419     2.960
   0.23006  0.77222  0.03322  1.11032  0.001756  0.000601  0.000457     2.923
   0.24563  0.75676  0.03510  1.11287  0.001710  0.000591  0.000491     2.893
   0.26120  0.74130  0.03693  1.11519  0.001672  0.000582  0.000518     2.873
   0.27677  0.72583  0.03873  1.11757  0.001632  0.000573  0.000549     2.850
   0.29234  0.71036  0.04049  1.11970  0.001600  0.000564  0.000571     2.838
   0.30790  0.69489  0.04221  1.12199  0.001564  0.000555  0.000601     2.818
   0.32346  0.67942  0.04389  1.12448  0.001521  0.000545  0.000643     2.790
   0.33902  0.66395  0.04553  1.12614  0.001500  0.000537  0.000652     2.791
   0.35457  0.64848  0.04712  1.12850  0.001461  0.000528  0.000692     2.768
   0.37012  0.63301  0.04868  1.13041  0.001432  0.000519  0.000715     2.758
   0.38566  0.61754  0.05019  1.13250  0.001399  0.000510  0.000749     2.742
   0.40120  0.60208  0.05166  1.13428  0.001373  0.000502  0.000772     2.735
   0.41673  0.58662  0.05309  1.13587  0.001351  0.000494  0.000786     2.734
   0.43225  0.57116  0.05446  1.13820  0.001313  0.000484  0.000836     2.710
   0.44776  0.55570  0.05579  1.13974  0.001289  0.000476  0.000855     2.707
   0.46326  0.54025  0.05707  1.14128  0.001267  0.000468  0.000872     2.706
   0.47875  0.52481  0.05830  1.14319  0.001237  0.000459  0.000908     2.694
   0.49423  0.50937  0.05948  1.14541  0.001200  0.000450  0.000966     2.670
   0.50970  0.49394  0.06060  1.14692  0.001174  0.000441  0.000998     2.662
   0.52516  0.47852  0.06167  1.14774  0.001160  0.000434  0.000994     2.676
   0.54060  0.46311  0.06267  1.14935  0.001135  0.000425  0.001025     2.670
   0.55603  0.44771  0.06362  1.15113  0.001106  0.000416  0.001068     2.658
   0.57144  0.43233  0.06450  1.15255  0.001081  0.000407  0.001097     2.656
   0.58684  0.41695  0.06532  1.15492  0.001041  0.000397  0.001184     2.625
   0.60222  0.40160  0.06606  1.15529  0.001029  0.000389  0.001174     2.642
   0.61757  0.38625  0.06674  1.15695  0.000999  0.000380  0.001228     2.630
   0.63291  0.37093  0.06734  1.15826  0.000973  0.000371  0.001271     2.624
   0.64822  0.35563  0.06786  1.15920  0.000952  0.000362  0.001294     2.629
   0.66351  0.34034  0.06830  1.16144  0.000912  0.000351  0.001403     2.597
   0.67877  0.32509  0.06865  1.16134  0.000900  0.000344  0.001384     2.620
   0.69400  0.30986  0.06891  1.16371  0.000858  0.000332  0.001518     2.583
   0.70920  0.29466  0.06907  1.16268  0.000855  0.000325  0.001447     2.628
   0.72436  0.27950  0.06914  1.16552  0.000809  0.000313  0.001610     2.584
   0.73949  0.26437  0.06910  1.16514  0.000796  0.000305  0.001587     2.612
   0.75457  0.24929  0.06895  1.16796  0.000748  0.000292  0.001795     2.560
   0.76960  0.23426  0.06867  1.16778  0.000722  0.000282  0.001863     2.558
   0.78458  0.21929  0.06828  1.16603  0.000715  0.000274  0.001775     2.608
   0.79950  0.20438  0.06775  1.16852  0.000671  0.000261  0.001982     2.569
   0.81434  0.18955  0.06708  1.16809  0.000649  0.000251  0.002009     2.587
   0.82910  0.17482  0.06626  1.16814  0.000628  0.000240  0.001999     2.619
   0.84374  0.16020  0.06527  1.17033  0.000596  0.000227  0.002096     2.625
   0.85824  0.14576  0.06412  1.17380  0.000550  0.000212  0.002361     2.594
   0.87250  0.13156  0.06280  1.17299  0.000562  0.000202  0.001827     2.785
   0.88635  0.11779  0.06130  1.18544  0.000492  0.000182  0.002346     2.702
   0.89946  0.10478  0.05968  1.19366  0.000511  0.000168  0.001383     3.050
   0.91137  0.09300  0.05790  1.22303  0.000348  0.000139  0.004274     2.508
   0.92241  0.08219  0.05564  1.21464  0.000298  0.000125  0.005619     2.388
   0.93304  0.07194  0.05285  1.18646  0.000276  0.000116  0.005939     2.385
   0.94337  0.06214  0.04958  1.15115  0.000246  0.000106  0.006854     2.323
   0.95337  0.05285  0.04588  1.10079  0.000235  0.000099  0.006629     2.361
   0.96292  0.04419  0.04186  1.04318  0.000203  0.000091  0.008157     2.238
   0.97183  0.03632  0.03767  0.96956  0.000213  0.000088  0.006062     2.422
   0.97991  0.02941  0.03349  0.91122  0.000169  0.000076  0.008766     2.214
   0.98704  0.02351  0.02948  0.81607  0.000175  0.000075  0.006689     2.344
   0.99320  0.01860  0.02576  0.74405  0.000151  0.000067  0.007650     2.263
   0.99848  0.01457  0.02236  0.65555  0.000143  0.000062  0.006900     2.295
   1.00299  0.01127  0.01928  0.56734  0.000129  0.000057  0.006956     2.246
   1.00688  0.00857  0.01647  0.47853  0.000121  0.000052  0.005767     2.332
   1.01027  0.00637  0.01391  0.37092  0.000102  0.000048  0.006277     2.138
   1.01324  0.00457  0.01153  0.26452  0.000123  0.000052  0.003040     2.363
   1.01589  0.00312  0.00932  0.17953  0.000085  0.000038  0.003352     2.240
   1.01827  0.00197  0.00724  0.02695  0.000075  0.000034  0.000577     2.230
   1.02043  0.00109  0.00526 -0.13644  0.000075  0.000033  0.002922     2.230
   1.02241  0.00047  0.00338 -0.30444  0.000069  0.000031  0.007178     2.213
   1.02425  0.00011  0.00158 -0.49894  0.000062  0.000028  0.013179     2.205
   1.02596  0.00000 -0.00012 -0.76486  0.000051  0.000023  0.025465     2.171
   1.02765  0.00016 -0.00181 -0.92209  0.000069  0.000028  0.017359     2.439
   1.02941  0.00065 -0.00350 -1.19357  0.000049  0.000023  0.044874     2.076
   1.03124  0.00153 -0.00511 -1.31756  0.000079  0.000030  0.018626     2.591
   1.03319  0.00281 -0.00658 -1.47718  0.000063  0.000030  0.040472     2.138
   1.03527  0.00444 -0.00787 -1.43669  0.000141  0.000044  0.004418     3.217
   1.03754  0.00641 -0.00899 -1.43959  0.000119  0.000049  0.015844     2.438
   1.04005  0.00873 -0.00997 -1.39148  0.000336  0.000062 -0.001568     5.411
   1.04288  0.01142 -0.01082 -1.35374  0.000330  0.000074 -0.001002     4.455
   1.04611  0.01457 -0.01156 -1.35893  0.010611  0.000049 -0.000406   218.210
   1.04989  0.01829 -0.01222 -1.35241  0.044284  0.000160 -0.000402   276.127
   1.05442  0.02278 -0.01281 -1.35078  0.099696  0.000243 -0.000306   410.746
   1.06000  0.02833 -0.01334 -1.34922  0.124688  0.000374 -0.000199   333.747
   1.06704  0.03536 -0.01383 -1.34979  0.131467  0.000318 -0.000234   413.296
   1.07605  0.04435 -0.01433 -1.34979  0.143167  0.000346 -0.000215   413.296
   1.08713  0.05542 -0.01491 -1.34099  0.037558  0.001473 -0.000051    25.504
   1.09961  0.06787 -0.01570 -1.35142  0.094114  0.000860 -0.000087   109.471
   1.11265  0.08087 -0.01678 -1.35265  0.103350  0.000767 -0.000097   134.720
   1.12592  0.09406 -0.01823 -1.35544  0.171536  0.000449 -0.000166   382.274
   1.13961  0.10763 -0.02006 -1.35251  0.337601  0.000986 -0.000076   342.448
   1.15372  0.12163 -0.02177 -1.35077  0.492561  0.001518 -0.000049   324.430
   1.16809  0.13593 -0.02329 -1.34803  0.414665  0.002506 -0.000030   165.499
   1.18266  0.15043 -0.02464 -1.34017  0.235195  0.004753 -0.000016    49.484
   1.19737  0.16510 -0.02583 -1.33462  0.185394  0.005682 -0.000013    32.626
   1.21220  0.17989 -0.02687 -1.32662  0.130111  0.006724 -0.000011    19.350
   1.22712  0.19478 -0.02778 -1.32235  0.127388  0.007184 -0.000011    17.731
   1.24213  0.20977 -0.02855 -1.31449  0.100701  0.007960 -0.000010    12.651
   1.25720  0.22483 -0.02921 -1.30716  0.088862  0.008584 -0.000009    10.352
   1.27233  0.23995 -0.02976 -1.30043  0.084884  0.009124 -0.000009     9.303
   1.28752  0.25513 -0.03021 -1.29594  0.093525  0.009497 -0.000008     9.848
   1.30275  0.27036 -0.03056 -1.28946  0.088997  0.010053 -0.000008     8.853
   1.31803  0.28563 -0.03083 -1.29936  0.252856  0.008547 -0.000009    29.584
   1.33335  0.30095 -0.03101 -1.29771  0.261939  0.008895 -0.000008    29.448
   1.34869  0.31629 -0.03112 -1.29653  0.279544  0.009159 -0.000008    30.522
   1.36407  0.33167 -0.03116 -1.29529  0.295787  0.009450 -0.000008    31.299
   1.37948  0.34708 -0.03113 -1.29398  0.310025  0.009777 -0.000007    31.711
   1.39492  0.36252 -0.03104 -1.29253  0.320836  0.010152 -0.000007    31.602
   1.41038  0.37798 -0.03089 -1.27697  0.104466  0.013213 -0.000006     7.906
   1.42586  0.39346 -0.03068 -1.27241  0.111569  0.013696 -0.000006     8.146
   1.44137  0.40896 -0.03043 -1.26764  0.115044  0.014226 -0.000006     8.087
   1.45689  0.42448 -0.03012 -1.26334  0.120376  0.014725 -0.000005     8.175
   1.47243  0.44002 -0.02978 -1.25927  0.125808  0.015218 -0.000005     8.267
   1.48799  0.45558 -0.02939 -1.25544  0.131460  0.015704 -0.000005     8.371
   1.50357  0.47114 -0.02896 -1.25201  0.138867  0.016161 -0.000005     8.593
   1.51916  0.48673 -0.02849 -1.24913  0.149391  0.016568 -0.000005     9.017
   1.53476  0.50232 -0.02799 -1.26207  1.067452  0.007275 -0.000010   146.722
   1.55037  0.51793 -0.02746 -1.26162  1.089820  0.007664 -0.000009   142.196
   1.56600  0.53354 -0.02689 -1.26110  1.113363  0.008125 -0.000009   137.033
   1.58164  0.54917 -0.02630 -1.26043  1.129907  0.008724 -0.000008   129.516
   1.59728  0.56480 -0.02568 -1.25970  1.144000  0.009394 -0.000007   121.782
   1.61294  0.58044 -0.02504 -1.26258  1.550007  0.006080 -0.000011   254.920
   1.62860  0.59609 -0.02437 -1.26184  1.580223  0.007014 -0.000010   225.299
   1.64427  0.61175 -0.02368 -1.26322  1.965557  0.004996 -0.000014   393.408
   1.65995  0.62741 -0.02297 -1.26284  2.212800  0.005622 -0.000012   393.577
   1.67564  0.64308 -0.02224 -1.26229  2.636702  0.006677 -0.000010   394.892
   1.69133  0.65875 -0.02148 -1.26179  3.114729  0.007817 -0.000009   398.466
   1.70702  0.67443 -0.02071 -1.26129  3.543173  0.009150 -0.000008   387.250
   1.72272  0.69011 -0.01993 -1.26130  4.063757  0.009112 -0.000008   445.968
   1.73842  0.70579 -0.01912 -1.26119  4.533401  0.009478 -0.000007   478.290
   1.75413  0.72147 -0.01830 -1.26086  4.911918  0.010735 -0.000006   457.559
   1.76984  0.73716 -0.01746 -1.26060  5.303978  0.011776 -0.000006   450.411
   1.78554  0.75284 -0.01661 -1.26043  5.718286  0.012543 -0.000006   455.879
   1.80125  0.76853 -0.01574 -1.26023  6.111860  0.013493 -0.000005   452.949
   1.81697  0.78422 -0.01486 -1.26008  6.520421  0.014264 -0.000005   457.137
   1.83268  0.79990 -0.01396 -1.25987  6.896763  0.015336 -0.000005   449.718
   1.84839  0.81559 -0.01305 -1.25972  7.289699  0.016206 -0.000004   449.807
   1.86410  0.83127 -0.01212 -1.25957  7.675164  0.017131 -0.000004   448.027
   1.87980  0.84695 -0.01118 -1.25945  8.079267  0.017847 -0.000004   452.695
   1.89551  0.86262 -0.01022 -1.25933  8.472965  0.018668 -0.000004   453.884
   1.91121  0.87829 -0.00925 -1.25922  8.870584  0.019432 -0.000004   456.484
   1.92690  0.89396 -0.00825 -1.25929  9.399847  0.018895 -0.000004   497.490
   1.94258  0.90960 -0.00725 -1.25918  9.800508  0.019767 -0.000004   495.800
   1.95822  0.92521 -0.00622 -1.25908 10.205437  0.020567 -0.000003   496.197
   1.97376  0.94071 -0.00519 -1.25730  9.243226  0.035199 -0.000002   262.600
   1.98902  0.95594 -0.00416 -1.25796 10.004075  0.030080 -0.000002   332.585
   2.00356  0.97044 -0.00315 -1.25848 10.608460  0.025825 -0.000003   410.783
   2.01660  0.98345 -0.00224 -1.25901 11.253037  0.021139 -0.000003   532.337
   2.02737  0.99419 -0.00147 -1.25940 11.779281  0.017541 -0.000004   671.521
   2.03319  1.00000 -0.00105 -1.25974 12.207509  0.014238 -0.000005   857.379
   2.03319  1.00010 -0.00000  0.69641 12.211999  0.015557  0.000000   784.970
   2.03901  1.00591 -0.00025  0.69433  7.935395  0.061369  0.000000   129.307
   2.04587  1.01277 -0.00052  0.69451  8.243562  0.059311  0.000000   138.988
   2.05396  1.02085 -0.00081  0.69470  8.602806  0.056957  0.000000   151.040
   2.06350  1.03038 -0.00114  0.69492  9.034102  0.054143  0.000000   166.857
   2.07474  1.04162 -0.00152  0.69517  9.556946  0.050743  0.000000   188.339
   2.08800  1.05487 -0.00193  0.69544 10.171727  0.046868  0.000000   217.028
   2.10363  1.07049 -0.00240  0.69574 10.918569  0.042283  0.000000   258.224
   2.12206  1.08891 -0.00292  0.69619 12.172853  0.034590  0.000000   351.922
   2.14378  1.11063 -0.00350  0.69685 14.369546  0.021311  0.000000   674.292
   2.16940  1.13624 -0.00414  0.69731 18.688789  0.005169  0.000000  3615.553
   2.19960  1.16644 -0.00484  0.69738 28.722370  0.002455  0.000000 11697.835
   2.23521  1.20204 -0.00562  0.69739 70.456924  0.001609  0.000000 43796.746
   2.27720  1.24402 -0.00646  0.69738236.970657  0.002222  0.000000106640.266
   2.32670  1.29351 -0.00738  0.69738712.989014  0.003390  0.000000210311.484
   2.38506  1.35186 -0.00835  0.69738**********  0.004939  0.000000365771.531
   2.45388  1.42067 -0.00940  0.69738**********  0.009328  0.000000374262.625
   2.53501  1.50179 -0.01049  0.69738**********  0.007733  0.000000854475.625
   2.63066  1.59744 -0.01162  0.69737********** 17.090809  0.000000   516.409
   2.74344  1.71022 -0.01279  0.69738**********  0.013315  0.000000**********
   2.87642  1.84318 -0.01395  0.69737**********  6.027702  0.000000  3070.066
   3.03319  1.99996 -0.01510  0.69738**********  0.026180  0.000000827415.313
