NACA 2110                                       
 Alfa =   8.72414 Re =  1000000.000 Xflap,Yflap =     0.000000    0.000000
#    x        y        Cp  
   1.00000  0.00105  0.06815
   0.99426  0.00197  0.03432
   0.98366  0.00366  0.02394
   0.97086  0.00567  0.02766
   0.95660  0.00787 -0.43517
   0.94165  0.01015 -0.27346
   0.92641  0.01242 -0.22897
   0.91107  0.01466 -0.21632
   0.89569  0.01688 -0.14647
   0.88028  0.01905 -0.18992
   0.86487  0.02119 -0.19479
   0.84944  0.02329 -0.20047
   0.83401  0.02535 -0.20628
   0.81857  0.02738 -0.21542
   0.80312  0.02936 -0.22300
   0.78767  0.03131 -0.22992
   0.77222  0.03322 -0.23594
   0.75676  0.03510 -0.24162
   0.74130  0.03693 -0.24680
   0.72583  0.03873 -0.25212
   0.71036  0.04049 -0.25690
   0.69489  0.04221 -0.26203
   0.67942  0.04389 -0.26764
   0.66395  0.04553 -0.27139
   0.64848  0.04712 -0.27671
   0.63301  0.04868 -0.28104
   0.61754  0.05019 -0.28578
   0.60208  0.05166 -0.28984
   0.58662  0.05309 -0.29347
   0.57116  0.05446 -0.29877
   0.55570  0.05579 -0.30230
   0.54025  0.05707 -0.30583
   0.52481  0.05830 -0.31020
   0.50937  0.05948 -0.31531
   0.49394  0.06060 -0.31878
   0.47852  0.06167 -0.32068
   0.46311  0.06267 -0.32442
   0.44771  0.06362 -0.32854
   0.43233  0.06450 -0.33183
   0.41695  0.06532 -0.33732
   0.40160  0.06606 -0.33819
   0.38625  0.06674 -0.34208
   0.37093  0.06734 -0.34514
   0.35563  0.06786 -0.34737
   0.34034  0.06830 -0.35259
   0.32509  0.06865 -0.35240
   0.30986  0.06891 -0.35795
   0.29466  0.06907 -0.35562
   0.27950  0.06914 -0.36227
   0.26437  0.06910 -0.36146
   0.24929  0.06895 -0.36810
   0.23426  0.06867 -0.36775
   0.21929  0.06828 -0.36373
   0.20438  0.06775 -0.36963
   0.18955  0.06708 -0.36874
   0.17482  0.06626 -0.36897
   0.16020  0.06527 -0.37423
   0.14576  0.06412 -0.38252
   0.13156  0.06280 -0.38082
   0.11779  0.06130 -0.41043
   0.10478  0.05968 -0.43038
   0.09300  0.05790 -0.50178
   0.08219  0.05564 -0.48158
   0.07194  0.05285 -0.41399
   0.06214  0.04958 -0.33149
   0.05285  0.04588 -0.21800
   0.04419  0.04186 -0.09433
   0.03632  0.03767  0.05406
   0.02941  0.03349  0.16400
   0.02351  0.02948  0.32865
   0.01860  0.02576  0.44132
   0.01457  0.02236  0.56566
   0.01127  0.01928  0.67391
   0.00857  0.01647  0.76733
   0.00637  0.01391  0.85946
   0.00457  0.01153  0.92779
   0.00312  0.00932  0.96623
   0.00197  0.00724  0.99901
   0.00109  0.00526  0.98264
   0.00047  0.00338  0.91024
   0.00011  0.00158  0.75590
   0.00000 -0.00012  0.42243
   0.00016 -0.00181  0.15852
   0.00065 -0.00350 -0.41418
   0.00153 -0.00511 -0.72653
   0.00281 -0.00658 -1.17486
   0.00444 -0.00787 -1.05973
   0.00641 -0.00899 -1.07427
   0.00873 -0.00997 -0.93468
   0.01142 -0.01082 -0.82853
   0.01457 -0.01156 -0.84280
   0.01829 -0.01222 -0.82499
   0.02278 -0.01281 -0.82065
   0.02833 -0.01334 -0.81645
   0.03536 -0.01383 -0.81799
   0.04435 -0.01433 -0.81799
   0.05542 -0.01491 -0.79436
   0.06787 -0.01570 -0.82239
   0.08087 -0.01678 -0.82572
   0.09406 -0.01823 -0.83325
   0.10763 -0.02006 -0.82535
   0.12163 -0.02177 -0.82065
   0.13593 -0.02329 -0.81327
   0.15043 -0.02464 -0.79216
   0.16510 -0.02583 -0.77731
   0.17989 -0.02687 -0.75601
   0.19478 -0.02778 -0.74467
   0.20977 -0.02855 -0.72391
   0.22483 -0.02921 -0.70466
   0.23995 -0.02976 -0.68707
   0.25513 -0.03021 -0.67537
   0.27036 -0.03056 -0.65858
   0.28563 -0.03083 -0.68418
   0.30095 -0.03101 -0.67991
   0.31629 -0.03112 -0.67684
   0.33167 -0.03116 -0.67364
   0.34708 -0.03113 -0.67025
   0.36252 -0.03104 -0.66651
   0.37798 -0.03089 -0.62656
   0.39346 -0.03068 -0.61493
   0.40896 -0.03043 -0.60283
   0.42448 -0.03012 -0.59193
   0.44002 -0.02978 -0.58168
   0.45558 -0.02939 -0.57205
   0.47114 -0.02896 -0.56346
   0.48673 -0.02849 -0.55626
   0.50232 -0.02799 -0.58869
   0.51793 -0.02746 -0.58756
   0.53354 -0.02689 -0.58626
   0.54917 -0.02630 -0.58459
   0.56480 -0.02568 -0.58276
   0.58044 -0.02504 -0.59002
   0.59609 -0.02437 -0.58814
   0.61175 -0.02368 -0.59160
   0.62741 -0.02297 -0.59065
   0.64308 -0.02224 -0.58927
   0.65875 -0.02148 -0.58801
   0.67443 -0.02071 -0.58671
   0.69011 -0.01993 -0.58694
   0.70579 -0.01912 -0.58656
   0.72147 -0.01830 -0.58579
   0.73716 -0.01746 -0.58516
   0.75284 -0.01661 -0.58467
   0.76853 -0.01574 -0.58414
   0.78422 -0.01486 -0.58376
   0.79990 -0.01396 -0.58328
   0.81559 -0.01305 -0.58291
   0.83127 -0.01212 -0.58255
   0.84695 -0.01118 -0.58224
   0.86262 -0.01022 -0.58196
   0.87829 -0.00925 -0.58181
   0.89396 -0.00825 -0.58209
   0.90960 -0.00725 -0.58186
   0.92521 -0.00622 -0.58173
   0.94071 -0.00519 -0.57745
   0.95594 -0.00416 -0.57732
   0.97044 -0.00315 -0.58104
   0.98345 -0.00224 -0.58292
   0.99419 -0.00147 -0.58430
   1.00000 -0.00105 -0.58517
